CLASS#	PARTICLE DIST.	ROTATION	TRANSLATION
180	0.132000	5.100000	7.100000
65	0.118165	6.100000	6.100000
72	0.078919	6.100000	6.300000
49	0.073394	7.100000	6.400000
192	0.072799	4.600000	5.400000
186	0.050566	4.600000	4.750000
134	0.047501	6.700000	5.000000
63	0.042417	4.600000	4.650000
24	0.040790	6.100000	5.100000
85	0.040694	6.100000	6.000000
99	0.040657	6.100000	5.700000
38	0.038452	6.100000	4.900000
105	0.035996	5.100000	5.300000
160	0.035465	6.100000	5.150000
158	0.026128	6.100000	5.800000
185	0.009661	4.100000	2.850000
58	0.009277	999.000000	999.000000
89	0.008195	999.000000	999.000000
95	0.007321	999.000000	999.000000
148	0.006210	999.000000	999.000000
175	0.003797	999.000000	999.000000
30	0.003776	999.000000	999.000000
74	0.003663	999.000000	999.000000
27	0.003581	999.000000	999.000000
97	0.003514	999.000000	999.000000
78	0.003407	999.000000	999.000000
135	0.003293	999.000000	999.000000
4	0.002953	999.000000	999.000000
61	0.002711	999.000000	999.000000
182	0.002588	999.000000	999.000000
56	0.002221	999.000000	999.000000
73	0.002020	999.000000	999.000000
37	0.001925	999.000000	999.000000
137	0.001845	999.000000	999.000000
110	0.001708	999.000000	999.000000
8	0.001471	999.000000	999.000000
9	0.001425	999.000000	999.000000
0	0.001356	999.000000	999.000000
12	0.001186	999.000000	999.000000
190	0.001160	999.000000	999.000000
5	0.001155	999.000000	999.000000
83	0.001083	999.000000	999.000000
118	9.469641e-04	999.000000	999.000000
6	9.184883e-04	999.000000	999.000000
131	8.961486e-04	999.000000	999.000000
39	8.702570e-04	999.000000	999.000000
177	7.935288e-04	999.000000	999.000000
28	7.879382e-04	999.000000	999.000000
55	7.863102e-04	999.000000	999.000000
15	7.523177e-04	999.000000	999.000000
84	7.371360e-04	999.000000	999.000000
88	7.232335e-04	999.000000	999.000000
18	7.112266e-04	999.000000	999.000000
67	6.784100e-04	999.000000	999.000000
102	6.759409e-04	999.000000	999.000000
136	6.134475e-04	999.000000	999.000000
194	5.797529e-04	999.000000	999.000000
161	5.637075e-04	999.000000	999.000000
174	5.620918e-04	999.000000	999.000000
94	5.574530e-04	999.000000	999.000000
26	5.456401e-04	999.000000	999.000000
96	5.451527e-04	999.000000	999.000000
53	5.391228e-04	999.000000	999.000000
111	5.242121e-04	999.000000	999.000000
165	4.649956e-04	999.000000	999.000000
144	4.573194e-04	999.000000	999.000000
113	4.490373e-04	999.000000	999.000000
20	4.487596e-04	999.000000	999.000000
114	4.172875e-04	999.000000	999.000000
121	4.115121e-04	999.000000	999.000000
34	4.114754e-04	999.000000	999.000000
133	4.035534e-04	999.000000	999.000000
64	3.657789e-04	999.000000	999.000000
112	3.649523e-04	999.000000	999.000000
173	3.593990e-04	999.000000	999.000000
143	3.430767e-04	999.000000	999.000000
126	3.351669e-04	999.000000	999.000000
3	3.321826e-04	999.000000	999.000000
128	3.222728e-04	999.000000	999.000000
152	3.159549e-04	999.000000	999.000000
29	3.108482e-04	999.000000	999.000000
68	2.998931e-04	999.000000	999.000000
153	2.936755e-04	999.000000	999.000000
169	2.924060e-04	999.000000	999.000000
179	2.914859e-04	999.000000	999.000000
163	2.900597e-04	999.000000	999.000000
70	2.886819e-04	999.000000	999.000000
93	2.838571e-04	999.000000	999.000000
171	2.833257e-04	999.000000	999.000000
168	2.793867e-04	999.000000	999.000000
16	2.769670e-04	999.000000	999.000000
2	2.756199e-04	999.000000	999.000000
140	2.721267e-04	999.000000	999.000000
35	2.670590e-04	999.000000	999.000000
199	2.483499e-04	999.000000	999.000000
129	2.477511e-04	999.000000	999.000000
10	2.473510e-04	999.000000	999.000000
116	2.452612e-04	999.000000	999.000000
54	2.443343e-04	999.000000	999.000000
62	2.428017e-04	999.000000	999.000000
162	2.331694e-04	999.000000	999.000000
141	2.309208e-04	999.000000	999.000000
59	2.245037e-04	999.000000	999.000000
125	2.087340e-04	999.000000	999.000000
19	1.923232e-04	999.000000	999.000000
33	1.903078e-04	999.000000	999.000000
107	1.890356e-04	999.000000	999.000000
188	1.867379e-04	999.000000	999.000000
101	1.740422e-04	999.000000	999.000000
92	1.659052e-04	999.000000	999.000000
51	1.602852e-04	999.000000	999.000000
31	1.588044e-04	999.000000	999.000000
184	1.525246e-04	999.000000	999.000000
13	1.521699e-04	999.000000	999.000000
66	1.456798e-04	999.000000	999.000000
100	1.371268e-04	999.000000	999.000000
104	1.363453e-04	999.000000	999.000000
46	1.333950e-04	999.000000	999.000000
14	1.332822e-04	999.000000	999.000000
142	1.265151e-04	999.000000	999.000000
82	1.233753e-04	999.000000	999.000000
60	1.217526e-04	999.000000	999.000000
108	1.105562e-04	999.000000	999.000000
17	1.081473e-04	999.000000	999.000000
52	1.081028e-04	999.000000	999.000000
124	1.080204e-04	999.000000	999.000000
69	1.079646e-04	999.000000	999.000000
115	9.539845e-05	999.000000	999.000000
47	9.530770e-05	999.000000	999.000000
147	9.526927e-05	999.000000	999.000000
187	8.924367e-05	999.000000	999.000000
167	8.901204e-05	999.000000	999.000000
90	8.896163e-05	999.000000	999.000000
57	8.488408e-05	999.000000	999.000000
176	8.247154e-05	999.000000	999.000000
159	7.779734e-05	999.000000	999.000000
87	7.621934e-05	999.000000	999.000000
183	7.620463e-05	999.000000	999.000000
156	7.002043e-05	999.000000	999.000000
32	6.987652e-05	999.000000	999.000000
145	6.354436e-05	999.000000	999.000000
1	6.351604e-05	999.000000	999.000000
91	6.350576e-05	999.000000	999.000000
103	6.267729e-05	999.000000	999.000000
21	5.835921e-05	999.000000	999.000000
22	5.717128e-05	999.000000	999.000000
172	5.716337e-05	999.000000	999.000000
71	5.549563e-05	999.000000	999.000000
197	5.082074e-05	999.000000	999.000000
80	5.076204e-05	999.000000	999.000000
195	3.821341e-05	999.000000	999.000000
11	3.812393e-05	999.000000	999.000000
81	3.811957e-05	999.000000	999.000000
23	3.811898e-05	999.000000	999.000000
86	3.811641e-05	999.000000	999.000000
40	3.810751e-05	999.000000	999.000000
127	2.541577e-05	999.000000	999.000000
130	2.541103e-05	999.000000	999.000000
196	2.540833e-05	999.000000	999.000000
36	1.906570e-05	999.000000	999.000000
146	1.906550e-05	999.000000	999.000000
154	1.905992e-05	999.000000	999.000000
132	1.905967e-05	999.000000	999.000000
98	1.905819e-05	999.000000	999.000000
106	1.905813e-05	999.000000	999.000000
166	1.270989e-05	999.000000	999.000000
41	1.270984e-05	999.000000	999.000000
157	1.270958e-05	999.000000	999.000000
77	1.270869e-05	999.000000	999.000000
193	1.270867e-05	999.000000	999.000000
7	1.270822e-05	999.000000	999.000000
170	1.270760e-05	999.000000	999.000000
79	1.270742e-05	999.000000	999.000000
181	1.270697e-05	999.000000	999.000000
50	1.270624e-05	999.000000	999.000000
120	1.270494e-05	999.000000	999.000000
43	6.355233e-06	999.000000	999.000000
44	6.355233e-06	999.000000	999.000000
48	6.355233e-06	999.000000	999.000000
76	6.355233e-06	999.000000	999.000000
122	6.355233e-06	999.000000	999.000000
123	6.355206e-06	999.000000	999.000000
178	6.355196e-06	999.000000	999.000000
42	6.355181e-06	999.000000	999.000000
191	6.355168e-06	999.000000	999.000000
25	6.355094e-06	999.000000	999.000000
155	6.355060e-06	999.000000	999.000000
119	6.354916e-06	999.000000	999.000000
45	6.353894e-06	999.000000	999.000000
138	6.353397e-06	999.000000	999.000000
75	6.352736e-06	999.000000	999.000000
151	6.351004e-06	999.000000	999.000000
109	6.350641e-06	999.000000	999.000000
117	0.000000	999.000000	999.000000
139	0.000000	999.000000	999.000000
149	0.000000	999.000000	999.000000
150	0.000000	999.000000	999.000000
164	0.000000	999.000000	999.000000
189	0.000000	999.000000	999.000000
198	0.000000	999.000000	999.000000
